$GPGLL,4440.16846,N,06336.85653,W,132355.00,A,D*79
$GPRMC,132356.00,A,4440.16867,N,06336.85671,W,0.201,,110220,,,D*63
$GPVTG,,T,,M,0.201,N,0.373,K,D*22
$GPGGA,132356.00,4440.16867,N,06336.85671,W,2,08,1.21,75.0,M,-24.2,M,,0000*5B
$GPGSA,A,3,32,10,14,12,20,11,24,25,,,,,2.51,1.21,2.20*03
$GPGSV,4,1,13,10,77,235,31,11,05,307,23,12,37,107,45,14,27,280,25*74
$GPGSV,4,2,13,15,07,096,,18,15,314,36,20,50,169,45,21,01,195,*78
$GPGSV,4,3,13,24,43,055,37,25,27,150,35,31,07,226,,32,51,293,31*75
$GPGSV,4,4,13,46,09,252,40*41
$GPGLL,4440.16867,N,06336.85671,W,132356.00,A,D*79
$GPRMC,132357.00,A,4440.16882,N,06336.85689,W,0.118,,110220,,,D*65
$GPVTG,,T,,M,0.118,N,0.219,K,D*24
$GPGGA,132357.00,4440.16882,N,06336.85689,W,2,08,1.13,74.7,M,-24.2,M,,0000*51
$GPGSA,A,3,32,10,14,31,12,20,24,25,,,,,2.03,1.13,1.68*08
$GPGSV,4,1,13,10,77,235,25,11,05,307,,12,37,107,40,14,27,280,27*77
$GPGSV,4,2,13,15,07,096,,18,15,314,32,20,50,169,42,21,01,195,*7B
$GPGSV,4,3,13,24,43,055,36,25,27,150,35,31,07,226,29,32,51,293,28*77
$GPGSV,4,4,13,46,09,252,41*40
